Введите размерность: Введите матрицу:
Введите точность: Матрица:
1.00	3.00	1.00	
1.00	1.00	4.00	
4.00	3.00	1.00	
Матрица:
3.89	-3.75	2.74	
-1.38	-0.12	-1.92	
3.35	0.90	-0.77	
Матрица:
5.72	1.75	1.09	
2.09	-2.08	2.37	
1.22	-1.36	-0.64	
Матрица:
6.26	-1.09	-1.17	
-0.79	-1.75	-2.51	
0.35	0.89	-1.51	
Матрица:
6.31	0.56	1.16	
0.17	-1.09	2.47	
0.14	-1.11	-2.22	
Матрица:
6.35	0.98	-0.48	
-0.04	-1.03	-1.20	
0.07	2.36	-2.32	
Матрица:
6.34	0.94	-0.73	
0.03	-2.53	1.69	
0.02	-1.86	-0.81	
Матрица:
6.34	0.27	1.13	
-0.01	-2.01	-2.58	
0.01	0.98	-1.33	
Матрица:
6.34	-0.23	-1.14	
0.00	-1.25	2.53	
0.00	-1.02	-2.09	
